18
  2  21 0   2 254   1 255 128 127 192  63 224  31 240   7 Акиншин Г.А.
  2  13 0 254 255 255 255 255 255 255 255 255 255 255   7 Акулова Ю.Г.
  2  12 0 254 255 255 255 255 255 255 255 255 255 255   7 Ананян И.И.
  2  20 0 254 255 255 255 255 255 255 255 255 255 255   7 Андреева Е.Ю.
  2   1 0 254 255 255 255 255 255 255 255 255 255 255   7 Анищенков В.М.
  2  15 0 254 255 255 255 255 255 255 255 255 255  15   0 Антоненко С.Е.
  2   1 0 254 255 255 255 255 255 255 255 255 255 255   7 Бакаев С.Н.
  2  21 0 254 255 255 255 255 255 255 255 255 255 255   7 Балабенко Е.В.
  2  10 0  30 254  15 255 135 255 195 255 225  15   0   0 Баркалова Е.И.
  2  28 0 254 255 255 255 255 255 255 255 255 255 255   7 Бачурин Н.Д.
  2  16 0 240 255 254 127 254  63 255 159 255 207 255   7 Башевая Т.С.
  2  16 0 254 255 255 255 255 255 255 255 255 255 255   7 Белецкий Я.О.
  2  17 0 252 255 254 127 240 191 255 223 255 255 255   7 Белицкий Д.Г.
  2   6 0 254 255 255 255 255 255 255 255 255 255 255   7 Белов Д.В.
  2   8 0 254 255 255 255 255 255 255 255 255 255  15   0 Белова А.А.
  2  17 0 254 255 255 255 255 255 255 255 255 255 255   7 Миронова Н.А.
  2  25 0 254 255 255 255 255 255 255 255 255 255 255   7 Вицько А.Н.
  2   9 0 254 255 255 255 255 255 255 255 255 255 255   7 Заричанская Т.С.
