18
  2  12 0 254 255 255 255 255 255 255 255 255 255 255   7 Ананян И.И.
  2  20 0 254 255 255 255 255 255 255 255 255 255 255   7 Андреева Е.Ю.
  2  15 0 254 255 255 255 255 255 255 255 255 255  15   0 Антоненко С.Е.
  2  21 0 254 255 255 255 255 255 255 255 255 255 255   7 Балабенко Е.В.
  2  22 0 254 255 255 255 255 255 255 255 255 255 255   7 Балакай О.Б.
  2  13 0 254 255 255 255 255 255 255 255 255 255 255   7 Балинченко О.И.
  2  16 0 240 255 254 127 254  63 255 159 255 207 255   7 Башевая Т.С.
  2  17 0 252 255 254 127 240 191 255 223 255 255 255   7 Белицкий Д.Г.
  2   6 0 254 255 255 255 255 255 255 255 255 255 255   7 Белов Д.В.
  2   8 0 254 255 255 255 255 255 255 255 255 255  15   0 Белова А.А.
